-44.121084 -20.117660
-44.121031 -20.117880
-44.120925 -20.118055
-44.119350 -20.120714
-44.119259 -20.120825
-44.119180 -20.120893
-44.119032 -20.120935
-44.118458 -20.121135
-44.118680 -20.121277
-44.119023 -20.121448
-44.119327 -20.121616
-44.119524 -20.121820
-44.119807 -20.122131
-44.120100 -20.122291
-44.120470 -20.122334
-44.121119 -20.122660
-44.121304 -20.122834
-44.121736 -20.122805
-44.121983 -20.122979
-44.122052 -20.123479
-44.122006 -20.123841
-44.121605 -20.124283
-44.121265 -20.124848
-44.121211 -20.125349
-44.120902 -20.125443
-44.120802 -20.125849
-44.120463 -20.126044
-44.119807 -20.126711
-44.119567 -20.126732
-44.119135 -20.126573
-44.118255 -20.126566
-44.117585 -20.126483
-44.117345 -20.126580
-44.117059 -20.126696
-44.117010 -20.126851
-44.117394 -20.127203
-44.117843 -20.127430
-44.118487 -20.127672
-44.119151 -20.128059
-44.119367 -20.128769
-44.119583 -20.129435
-44.119675 -20.129957
-44.119737 -20.130290
-44.119645 -20.130783
-44.118873 -20.131363
-44.118873 -20.131768
-44.118454 -20.132013
-44.118090 -20.132578
-44.117885 -20.132884
-44.117792 -20.133180
-44.117639 -20.133413
-44.116959 -20.133507
-44.116679 -20.133509
-44.116528 -20.133331
-44.116388 -20.133217
-44.116194 -20.132254
-44.115374 -20.131378
-44.114794 -20.130198
-44.114302 -20.129994
-44.114613 -20.130341
-44.114988 -20.131909
-44.115499 -20.133219
-44.115526 -20.133621
-44.115153 -20.133815
-44.114281 -20.133917
-44.113786 -20.133880
-44.113745 -20.133984
-44.113952 -20.134230
-44.114125 -20.134738
-44.114039 -20.134990
-44.114083 -20.135136
-44.114302 -20.135378
-44.114313 -20.135962
-44.114495 -20.136234
-44.115000 -20.136214
-44.115263 -20.136440
-44.115311 -20.136701
-44.115225 -20.137366
-44.115407 -20.137397
-44.115590 -20.137255
-44.115493 -20.136710
-44.115817 -20.136463
-44.116589 -20.136521
-44.117191 -20.136913
-44.117962 -20.137087
-44.118502 -20.137463
-44.118981 -20.138086
-44.118996 -20.138405
-44.118830 -20.138799
-44.118578 -20.138873
-44.118209 -20.138680
-44.117978 -20.138825
-44.118147 -20.139405
-44.118015 -20.139931
-44.116666 -20.141245
-44.116789 -20.141434
-44.117929 -20.141569
-44.118178 -20.141970
-44.118255 -20.143267
-44.118572 -20.143462
-44.118672 -20.143317
-44.118502 -20.143086
-44.118841 -20.141906
-44.119711 -20.140389
-44.120185 -20.140115
-44.120478 -20.139738
-44.121049 -20.139434
-44.121574 -20.139506
-44.121636 -20.139782
-44.120910 -20.140506
-44.121227 -20.140774
-44.121713 -20.140493
-44.121817 -20.140564
-44.121636 -20.140876
-44.121906 -20.140956
-44.122349 -20.140493
-44.122955 -20.140427
-44.123696 -20.140499
-44.124059 -20.140927
-44.124746 -20.141187
-44.124916 -20.141542
-44.125147 -20.141593
-44.125417 -20.141412
-44.125749 -20.141455
-44.125957 -20.141803
-44.125834 -20.142187
-44.125911 -20.142463
-44.126320 -20.142702
-44.126628 -20.143181
-44.127080 -20.143447
-44.127571 -20.143963
-44.128073 -20.144165
-44.128396 -20.144158
-44.128550 -20.143767
-44.129366 -20.143305
-44.130032 -20.142897
-44.130101 -20.142665
-44.130042 -20.142238
-44.130406 -20.141804
-44.131007 -20.141623
-44.131651 -20.141089
-44.132338 -20.140868
-44.132778 -20.140555
-44.133389 -20.140579
-44.133636 -20.140724
-44.134138 -20.140550
-44.135299 -20.139649
-44.135449 -20.139260
-44.136125 -20.138929
-44.136431 -20.138496
-44.136777 -20.138470
-44.136892 -20.138163
-44.136731 -20.137886
-44.136865 -20.137634
-44.137649 -20.137050
-44.137957 -20.137065
-44.138274 -20.136761
-44.138753 -20.136838
-44.139510 -20.136471
-44.139698 -20.136274
-44.139987 -20.136350
-44.140674 -20.136123
-44.141468 -20.136254
-44.141736 -20.136707
-44.142498 -20.136728
-44.142283 -20.136345
-44.142530 -20.136295
-44.142766 -20.136617
-44.142981 -20.137060
-44.143850 -20.137644
-44.143968 -20.138027
-44.143721 -20.138289
-44.142916 -20.138944
-44.142669 -20.139629
-44.142573 -20.140072
-44.142429 -20.141271
-44.142070 -20.141595
-44.142333 -20.142710
-44.142250 -20.143281
-44.142733 -20.143851
-44.143043 -20.144607
-44.143444 -20.144962
-44.143699 -20.145100
-44.143753 -20.145339
-44.143545 -20.146165
-44.143275 -20.146839
-44.143352 -20.147012
-44.143251 -20.147172
-44.143244 -20.147244
-44.143406 -20.147310
-44.143375 -20.147549
-44.143514 -20.147788
-44.143537 -20.147998
-44.143576 -20.148063
-44.143753 -20.147860
-44.144286 -20.148085
-44.144548 -20.148679
-44.144857 -20.148788
-44.145122 -20.148921
-44.145150 -20.149150
-44.144957 -20.149331
-44.144972 -20.149411
-44.145181 -20.149505
-44.145266 -20.149751
-44.145551 -20.149860
-44.145559 -20.150026
-44.145173 -20.150142
-44.145050 -20.150316
-44.145050 -20.150454
-44.145320 -20.150374
-44.145412 -20.150287
-44.145513 -20.150302
-44.145713 -20.150620
-44.145906 -20.150686
-44.146030 -20.151135
-44.146585 -20.151809
-44.147481 -20.152287
-44.148329 -20.152381
-44.148684 -20.152251
-44.149441 -20.152381
-44.149688 -20.152656
-44.149896 -20.152837
-44.150004 -20.153098
-44.150158 -20.153156
-44.150575 -20.152990
-44.150868 -20.153098
-44.151216 -20.152924
-44.151434 -20.152823
-44.151594 -20.152910
-44.151771 -20.152743
-44.151956 -20.152750
-44.152520 -20.153171
-44.152929 -20.153859
-44.153176 -20.154359
-44.153403 -20.154461
-44.153596 -20.154742
-44.154094 -20.154946
-44.154488 -20.155185
-44.155005 -20.155337
-44.155360 -20.155293
-44.156001 -20.155387
-44.156323 -20.155347
-44.156537 -20.155166
-44.156708 -20.154929
-44.156815 -20.154521
-44.157166 -20.154265
-44.157382 -20.153902
-44.157876 -20.153721
-44.158205 -20.153584
-44.158527 -20.153685
-44.158578 -20.154025
-44.158454 -20.154518
-44.158701 -20.154736
-44.158964 -20.154685
-44.159165 -20.154919
-44.159095 -20.155221
-44.159052 -20.155563
-44.158940 -20.155800
-44.158854 -20.156177
-44.158570 -20.156510
-44.158532 -20.156901
-44.158387 -20.157245
-44.158436 -20.157512
-44.158757 -20.157678
-44.158907 -20.157985
-44.159082 -20.158076
-44.159297 -20.157893
-44.159785 -20.157655
-44.159442 -20.157548
-44.159323 -20.157395
-44.159307 -20.157210
-44.159380 -20.157083
-44.159392 -20.157003
-44.159458 -20.156865
-44.159461 -20.156710
-44.159404 -20.156586
-44.159438 -20.156413
-44.159624 -20.156308
-44.159581 -20.156090
-44.159431 -20.156039
-44.159357 -20.155960
-44.159299 -20.155689
-44.159358 -20.155331
-44.159374 -20.155125
-44.159519 -20.154888
-44.159594 -20.154772
-44.159665 -20.154615
-44.159697 -20.154477
-44.159699 -20.154274
-44.159622 -20.154133
-44.159551 -20.154029
-44.159522 -20.153948
-44.159401 -20.153810
-44.159320 -20.153725
-44.159211 -20.153696
-44.159146 -20.153623
-44.159076 -20.153555
-44.158982 -20.153379
-44.159063 -20.153087
-44.159089 -20.152966
-44.159086 -20.152846
-44.158952 -20.152790
-44.158703 -20.152854
-44.158606 -20.152896
-44.158473 -20.152932
-44.158383 -20.152954
-44.158218 -20.152965
-44.157949 -20.152963
-44.157675 -20.152966
-44.157432 -20.152936
-44.157191 -20.152920
-44.156841 -20.152817
-44.156583 -20.152796
-44.156549 -20.152708
-44.156414 -20.152701
-44.156192 -20.152783
-44.156118 -20.152922
-44.155882 -20.153150
-44.155633 -20.153302
-44.155189 -20.153403
-44.155128 -20.153485
-44.155223 -20.153611
-44.155088 -20.153776
-44.154583 -20.154028
-44.154168 -20.154016
-44.153423 -20.153468
-44.152926 -20.153015
-44.152469 -20.152619
-44.152388 -20.152372
-44.152254 -20.152259
-44.151957 -20.152240
-44.151661 -20.152120
-44.151490 -20.152140
-44.151446 -20.152252
-44.151311 -20.152227
-44.151327 -20.152060
-44.151148 -20.151938
-44.151022 -20.151951
-44.151023 -20.152105
-44.150923 -20.152107
-44.150847 -20.151955
-44.150671 -20.151962
-44.150565 -20.152151
-44.150390 -20.152169
-44.150122 -20.151981
-44.149538 -20.151767
-44.149141 -20.151747
-44.148759 -20.151582
-44.148470 -20.151089
-44.148551 -20.150805
-44.148355 -20.150565
-44.148093 -20.150502
-44.147819 -20.150164
-44.147931 -20.149857
-44.147790 -20.149661
-44.147292 -20.149661
-44.146995 -20.149301
-44.146544 -20.149092
-44.146221 -20.148972
-44.146134 -20.148422
-44.145898 -20.148270
-44.145588 -20.148100
-44.145447 -20.147752
-44.145400 -20.147240
-44.145131 -20.147131
-44.144908 -20.146817
-44.144814 -20.146475
-44.145016 -20.146330
-44.145228 -20.145835
-44.145359 -20.145527
-44.145514 -20.145439
-44.145831 -20.145508
-44.146053 -20.145404
-44.146115 -20.145172
-44.146255 -20.144383
-44.146360 -20.143920
-44.146081 -20.143577
-44.145507 -20.143436
-44.145067 -20.143359
-44.144736 -20.142996
-44.144418 -20.142542
-44.144278 -20.141695
-44.144478 -20.141535
-44.144525 -20.140992
-44.144810 -20.140409
-44.144625 -20.140086
-44.144648 -20.139999
-44.144849 -20.139948
-44.145227 -20.139651
-44.145590 -20.139340
-44.145541 -20.139175
-44.145346 -20.139175
-44.145184 -20.139112
-44.145026 -20.139222
-44.144266 -20.139261
-44.144195 -20.139124
-44.144437 -20.139099
-44.144558 -20.138954
-44.144733 -20.138239
-44.144834 -20.138151
-44.145335 -20.138173
-44.145459 -20.138050
-44.145320 -20.137826
-44.145412 -20.137550
-44.145142 -20.137326
-44.145111 -20.136826
-44.144648 -20.136435
-44.144547 -20.135942
-44.144383 -20.135660
-44.144394 -20.135449
-44.144787 -20.135123
-44.144708 -20.134763
-44.144332 -20.134602
-44.144483 -20.134290
-44.144733 -20.133979
-44.144740 -20.133414
-44.145050 -20.133203
-44.145309 -20.132587
-44.145706 -20.132355
-44.146364 -20.131855
-44.146945 -20.131507
-44.147041 -20.131295
-44.147029 -20.131064
-44.147412 -20.130926
-44.147508 -20.130674
-44.147337 -20.130631
-44.147245 -20.130805
-44.147025 -20.130835
-44.146918 -20.130734
-44.146902 -20.130351
-44.146639 -20.130361
-44.146430 -20.130069
-44.146425 -20.129384
-44.146242 -20.129294
-44.146047 -20.129656
-44.145988 -20.129940
-44.146082 -20.130213
-44.146060 -20.130502
-44.145971 -20.130668
-44.145825 -20.130715
-44.145692 -20.130762
-44.145555 -20.130765
-44.145479 -20.130784
-44.145314 -20.130921
-44.145269 -20.131132
-44.145187 -20.131428
-44.145092 -20.131566
-44.144896 -20.131691
-44.144542 -20.131844
-44.144204 -20.132225
-44.143860 -20.132336
-44.143742 -20.132406
-44.143051 -20.132536
-44.142619 -20.132573
-44.142321 -20.132464
-44.142055 -20.132406
-44.141865 -20.132257
-44.141926 -20.131988
-44.141754 -20.131888
-44.141264 -20.131953
-44.140686 -20.132013
-44.140536 -20.131816
-44.140322 -20.131733
-44.140273 -20.131464
-44.140002 -20.131284
-44.139987 -20.131044
-44.139898 -20.130908
-44.139866 -20.130776
-44.139802 -20.130645
-44.139640 -20.130689
-44.139573 -20.131018
-44.139455 -20.131269
-44.139317 -20.131456
-44.139185 -20.131891
-44.138961 -20.131964
-44.139092 -20.132102
-44.139378 -20.132094
-44.139626 -20.132298
-44.139755 -20.132428
-44.139709 -20.132754
-44.139748 -20.132906
-44.139972 -20.132862
-44.140481 -20.133384
-44.140579 -20.133919
-44.139870 -20.134412
-44.139354 -20.134790
-44.139145 -20.135136
-44.138845 -20.135327
-44.138429 -20.135073
-44.138276 -20.134892
-44.138029 -20.134867
-44.137564 -20.135065
-44.137465 -20.135300
-44.137271 -20.135478
-44.137289 -20.135866
-44.136999 -20.136028
-44.136683 -20.135851
-44.136406 -20.135971
-44.136677 -20.136264
-44.136608 -20.136451
-44.135728 -20.137080
-44.135331 -20.137433
-44.134950 -20.137382
-44.134569 -20.136808
-44.134473 -20.136849
-44.134328 -20.136773
-44.134054 -20.136949
-44.133314 -20.137100
-44.132885 -20.137564
-44.132818 -20.138181
-44.132494 -20.138565
-44.132301 -20.138579
-44.131853 -20.138021
-44.131730 -20.137971
-44.131614 -20.138166
-44.131907 -20.138912
-44.131622 -20.139311
-44.131606 -20.139811
-44.130873 -20.140581
-44.129929 -20.140817
-44.129334 -20.141240
-44.128701 -20.141351
-44.127445 -20.141102
-44.126029 -20.140354
-44.125332 -20.140195
-44.124939 -20.139883
-44.124630 -20.139775
-44.124334 -20.139377
-44.124141 -20.139135
-44.123938 -20.138964
-44.123506 -20.138824
-44.123247 -20.138589
-44.122714 -20.138017
-44.121684 -20.136828
-44.121281 -20.136116
-44.121255 -20.135519
-44.121029 -20.135124
-44.121088 -20.134884
-44.121324 -20.134784
-44.121667 -20.134362
-44.121780 -20.133373
-44.122207 -20.132884
-44.122279 -20.132442
-44.122344 -20.132119
-44.122494 -20.131872
-44.122611 -20.131343
-44.123089 -20.130603
-44.123905 -20.130116
-44.125263 -20.129711
-44.125981 -20.129069
-44.126409 -20.128330
-44.127099 -20.125348
-44.127058 -20.124051
-44.126461 -20.122360
-44.125990 -20.121336
-44.125239 -20.120320
-44.124974 -20.119786
-44.124366 -20.119383
-44.122800 -20.118565
-44.121548 -20.117969
-44.121084 -20.117660
